transform_enable: 1
transform_xyz: [1.8707415, 1.1246343, 0.69552663]
transform_quat_xyzw: [-0.00567728, 0.02622971, 0.35051977, 0.93617074]
