transform_enable: 1
transform_xyz: [2.01175355, 1.30846777, -0.00189613]
transform_quat_xyzw: [-0.00166871, -0.00205702, -0.4772682, 0.87875369]
