transform_enable: 1
transform_xyz: [1.76869465, 1.11972116, 0.59794194]
transform_quat_xyzw: [0.0043121, 0.00220336, 0.43814542, 0.89889106]
