transform_enable: 1
transform_xyz: [1.50450083, 1.0161076, 0.70232343]
transform_quat_xyzw: [-0.06603437, -0.14795986, 0.70055422, 0.69496124]
