transform_enable: 1
transform_xyz: [1.76405076, 1.12321402, -0.00202992]
transform_quat_xyzw: [0.0043121, 0.00220336, 0.43814542, 0.89889106]
