transform_enable: 1
transform_xyz: [1.53304418, 1.02532615, 0.60091245]
transform_quat_xyzw: [-0.00323959, 0.02297658, 0.72507547, 0.68827839]
