transform_enable: 1
transform_xyz: [1.86645405, 1.1218776, 0.60066347]
transform_quat_xyzw: [-0.00567728, 0.02622971, 0.35051977, 0.93617074]
