transform_enable: 1
transform_xyz: [1.53560259, 1.02891515, 0.69581015]
transform_quat_xyzw: [-0.00323959, 0.02297658, 0.72507547, 0.68827839]
