transform_enable: 1
transform_xyz: [1.53282736, 1.02708248, 0.61231144]
transform_quat_xyzw: [-0.06603437, -0.14795986, 0.70055422, 0.69496124]
