transform_enable: 1
transform_xyz: [2.01054013, 1.31140553, 0.59809545]
transform_quat_xyzw: [-0.00166871, -0.00205702, -0.4772682, 0.87875369]
